Trajectory X:
 [[  0.          -0.06067305  -0.07157867  -0.09544017  -0.21820946
   -0.53626453  -0.83467924  -1.08286838  -1.14925983  -1.31631769
   -1.3331459   -1.36963262  -1.52507549  -1.76466798  -2.17767269
   -2.49171381  -2.75939976  -2.97107994  -3.31629651  -3.69917598
   -4.07664314  -4.51730929  -5.04753029  -5.61044219  -6.21103567
   -6.74114527  -7.22999164  -7.70159718  -8.1665081   -8.63602179
   -9.17228642  -9.82610145 -10.56290104 -11.42238913 -12.28626352
  -13.20991388 -14.12426373 -15.07509883 -16.05920048 -17.04990246
  -18.04916004 -19.03483256 -20.034053   -21.03272624 -22.03087593
  -22.98033568 -23.9386932  -24.84551096 -25.75084934 -26.63681836
  -27.50665195 -28.20018816]]
Trajectory Y:
 [[ 0.00000000e+00 -5.33412371e-02 -7.78058461e-03 -3.22217011e-02
  -1.30267360e-01 -4.06198569e-02  7.09414865e-04  2.67664181e-03
   1.26395720e-01  1.59644267e-01  2.47933842e-01  3.43467674e-01
   3.12560559e-01  3.80686221e-01  4.57320650e-01  5.09638210e-01
   5.26694195e-01  4.98381371e-01  4.47890013e-01  4.80548892e-01
   4.75498114e-01  5.36263530e-01  5.78611139e-01  6.31276061e-01
   6.93723551e-01  6.82761926e-01  6.52156589e-01  6.72747989e-01
   7.61577761e-01  7.64868762e-01  8.33777560e-01  8.82772289e-01
   9.36236918e-01  9.69128266e-01  1.03518443e+00  1.08915691e+00
   1.10210244e+00  1.12482309e+00  1.10292397e+00  1.14631063e+00
   1.18099208e+00  1.20923133e+00  1.20547744e+00  1.25542408e+00
   1.31619374e+00  1.39615062e+00  1.37308324e+00  1.40027660e+00
   1.45849369e+00  1.48497280e+00  1.46538730e+00  1.53932582e+00]]
Trajectory Z:
 [[ 0.          0.99673141  1.99563345  2.99504991  3.98263016  4.92645445
   5.87999551  6.84870511  7.83879893  8.82418525  9.82013794 10.8148952
  11.80225646 12.77073689 13.6782358  14.6262026  15.58955784 16.56648664
  17.50365052 18.42687136 19.35288056 20.24849258 21.09529384 21.92013116
  22.71724331 23.56510159 24.43693445 25.31850362 26.19939358 27.08231264
  27.92354496 28.67861146 29.35260545 29.8627019  30.3620591  30.74147574
  31.14619388 31.45505691 31.63130782 31.76025428 31.77703146 31.94332105
  31.98262031 31.97008706 31.97214833 32.27568265 32.56032058 32.9809654
  33.40164722 33.86463508 34.35759139 35.07420888]]
